16033119
21741529
3105610
4309220
6845538
5786544
7833460
3408338
22323219
6259121
6089875
4363416
2895562
167469
841133
23048149
2981436
5866043
3208223
38001990
1630457
407469
3983747
1208223
27717885
1306748
4291759
875705
35891510
6984180
2734837
684492
2373072
9015226
3155012
5199055
1119738
6527505
4979762
2733673
425937
1398716
33345885
1817573
570112
4649116
34763925
5046855
1870924
370317
1919707
2488476
5871535
3481594
6441606
1157655
34692765
10287340
12543991
3084346
6912010
5687706
9520117
38450740
88348
2503508
12388998
3222912
2924199
4881892
330419
848617
1201028
23047929
4899950
32103800
3724187
2618380
123998143
13549465
1711848
132982
283020
187943
696611
3038855
2310400
1637400
2258228
6411728
90117
6123863
2639021
4870159
3326056
16267009
1141645
1553552
3923196
3231858
10682102
2237521
3394799
4750679
1867404
15510129
6467739
191554
17859499
14970514
2862141
8423337
4147439
2068651
22416899
8743123
18581899
1234042
2995947
838225
2638828
692673
20001869
2848577
2554516
38106130
6385406
15281949
13695460
1607183
2902211
2543917
4557236
2922572
16608949
3648838
8082059
3764007
1054574
8979713
34066100
2108933
2348879
5078496
445014
876057
38502075
3552857
201578
4727757
3204267
39164240
21206559
22789449
16230789
2356394
2779850
6203581
115497
3992640
417719
2473125
19333159
518956
58656
6580389
1013067
5646623
2915692
21513004
377406
3668579
25728494
1066442
3919665
2492841
13953925
10073580
16732769
37077060
2875770
2907535
33206951
5274996
5179694
5197764
1678467
26733679
2928908
11181548
32478235
1621831
4129181
8561877
299497
3970697
34873
30027
16083509
7650113
4056805
4268643
947266
3251861
286697
806167
7030278
3959191
11060268
4678117
3316649
1520317
3652512
5015268
15832269
21646464
713943
218312
27255744
719960
19494179
4357012
3234399
3486474
50222836
4805966
1330377
5750103
3379266
1535027
6977096
1295815
9159133
2851005
33293405
2464232
9872733
439020
23934749
5744933
481953
18681424
8128936
9663214
3578684
2962151
512893
12637791
2976465
23516994
30001900
5924529
3271584
22470684
5008862
2868508
4493163
3504094
38073300
16347249
12381631
8856731
4652524
5651266
3198127
2709654
3693122
5728481
177725
2464166
4623231
6476775
4920410
12515909
776954
169369
3468581
26369804
31528195
4089298
827421
7531001
4798042
3261157
28015275
3352078
3165110
20194939
840127
6194747
2518832
6973877
11759668
1892262
2943800
2186750
3246789
3251550
3238634
126669
14591434
22969824
8205044
1422772
80463
2447919
1485620
38874585
7465756
3452862
4030652
899234
11624998
3427616
33722025
3524452
443246
73940
11717518
1702040
25180194
7569137
1034867
213669
7106389
7098054
3469782
20236239
3822090
4892764
2592414
3982326
6999845
3090411
15479034
6630844
1058479
36259965
1236116
8224137
807351
1792684
2214022
972816
2987798
3899177
27134569
2433696
5848427
5275607
24773024
3012529
6424486
6552683
1420418
549822
4081345
1569286
2675385
1884872
15309144
11381595
6232001
5280062
3152939
1115735
37288395
272117
803284
4471460
11623778
35188795
34958130
1183582
996477
3110743
3303590
6857635
27689170
302596
2566550
1295540
5632412
529521
2134407
791407
2943431
5963
2178703
6674632
146146
1188727
4178462
21521784
1667633
1498049
3812509
2650523
268626
5025765
4428251
17768595
3629835
1451793
22684514
803345
10630925
6376874
2412279
7387311
12844135
15187509
4596757
6177223
14425989
151524
17829844
6240905
2502554
1492505
452087
3218578
5866395
12253738
3764654
2212276
3128065
5202822
3962875
29455415
2893731
1714662
3687626
12806415
38325710
6987006
1250436
5712421
6965100
3913354
10966983
34333945
3271521
2131566
3147615
104408
1492408
5163590
391763
3003165
219488
2684724
5226693
336042
15679794
1742709
4040104
697332
7539632
3350373
39319980
6211524
1631967
1281615
5912301
982039
5011537
1592831
27329689
1094608
7013490
17022174
1305814
283148
42978
1704351
2351500
3790844
2409532
2936003
262805
1865702
2240853
2664292
39333035
5724420
3162929
747973
11835658
1232562
3341586
32344400
10854463
28626785
2136759
1134155
1566024
121466
2579753
7676889
16671834
2930467
16831279
5243277
19319
7563418
3752973
10552947
5686364
2629760
32760440
2631406
4111896
8521893
5357888
6707997
2415242
38860395
9180689
41808
825950
833135
39345860
5214851
5764213
259193
21257009
15610
3021444
6021569
4203407
7158694
485096
3679820
2276773
30574605
6942439
1632043
21054789
174476
4039749
6906659
3040376
2108685
985194
4366034
6235855
7036806
3841506
45663
25481364
1644518
2109700
5284088
13074825
6235622
5044106
1402285
899566
24649319
143286
12357369
1362662
1156362
5637023
2459498
8932465
1959042
11950043
4632971
4807789
3580596
3203047
4958627
1174062
510593
19364804
6666236
1883523
1881797
1089030
14946789
2830355
4240102
5649286
30218900
487712
950235
34627550
6273444
3689056
806963
6347951
1567750
38137830
6479863
13766360
3145268
16807124
2404200
4138425
14590369
340543
3103741
2905059
165389
3152361
32874885
212132
1112313
4518974
1538812
604115
565996
4767007
6403745
39254185
2497805
1357638
947366
614308
8251602
24766219
2117109
21579764
16157294
507983
21588664
2534771
2230673
9671587
558970
1486540
1189910
6819095
23267629
1627949
851501
3150929
586772
4684053
6337701
1390709
1244042
36270165
16520954
6006425
24918274
5710629
5990500
3661479
18476274
121527
5130874
3003574
5251502
8657
6400585
25875720
831769
2546964
2322104
79655
4381796
28852100
8986954
1388142
2762305
5663604
1192755
39398115
3501610
3722885
4619643
680166
1414344
4827500
25104804
6338832
4621001
3811276
54636
3143535
3923789
16191274
33294105
37023575
1309577
3728277
6560597
4401122
2000006
4617511
7712594
203959
3224445
685605
3217604
3158309
2716809
14866499
2641671
844903
434568
121188
1695917
132433
8956824
999425
1842864
6876736
599469
7383568
1989828
4509415
486717
3531126
3217347
3174800
5230206
17332144
4052225
2947248
3040490
698880
3978168
7253256
2823959
184163
2852776
16594679
3356499
9487344
716434
2372896
621184
16087984
27789075
1824568
17808124
13858615
38219
3695722
26044699
24494769
2988495
39461870
1733191
835076
6009696
929113
4452638
1730967
6225211
1863596
292165
3051826
14933014
5770440
5264121
12567611
27353555
14173280
13104825
2812584
16751034
4946115
65591
4616447
5363
2102930
25514274
28405620
4526630
3664376
3309085
2396222
6995095
39322355
32153
2090601
124401
8496291
15469779
576470
2243628
17300129
184589
1196780
3858660
3621864
14884159
38957105
18335584
32827530
20934039
2494522
2235573
38374460
1009963
396308
2274681
19865924
41876
10709767
5263730
84402
17158554
9453606
9481508
3147747
4760885
140181
2726079
7682279
774541
1819137
8294921
4091537
6474315
6504359
18830454
6002244
5461522
7715781
3080162
28083430
169214
881598
39523390
6608022
37895700
4933659
3133510
3338106
2540649
24263589
3038862
69378
16403879
32710800
7007126
39401075
18136799
8514278
8424936
2053369
1053876
277511
196814
2819490
5716625
1660067
39546180
9691583
5545936
24988979
9612968
3481778
8291935
276781
4036853
1014306
3070671
594873
8405394
6607598
10164435
35335405
200501
1477542
3158372
2833317
7454615
1904836
1606468
2948294
39566690
4212238
28730035
8488593
3605577
7673857
4245579
7989155
15425529
4489236
22573179
15989104
7972771
1821023
12366134
5890741
7464215
2484325
1020593
10153162
37978170
732489
5270870
29443725
3941284
35066155
312811
526725
7003476
6011938
5911417
3070718
5526315
39585370
5900424
729688
38668595
4240125
72777
192304
2943209
16233204
9301061
5707013
18152449
6784436
5940953
2615954
65296
1110743
33108121
9271720
8073975
2809538
32580485
3069780
4141738
12954230
647083
8766610
19825204
23094939
4817563
322108
26009120
11304423
3569026
4935985
4705029
4380548
15201444
2328780
4426004
18272419
39619985
1955829
5028754
8666267
3126703
7802896
6920150
32979460
4950996
880926
14023845
36564255
10762543
5393092
3319991
720663
650776
4036901
8875328
16705284
8780007
3648310
423296
3656551
360983
2736263
27914120
16249069
5810091
23078654
3907399
3309557
4154452
6974436
5150692
17835749
3969563
15850289
4391452
2148728
37552475
758721
29431525
1798233
39658465
73712958
300938
572821
39664535
18935124
34353495
1545166
37923310
6928227
6733798
927644
39482680
9454113
1452337
8015588
5441470
3259655
874843
130375
39675505
31322615
6248040
2015095
1819793
30678460
5761863
32256730
38017935
8000375
1070255
927863
13883470
1628686
2098955
2424315
39225210
5816866
16384819
13472025
11012
23332049
2521167
13336975
29034045
7890426
28792720
6627879
5029834
25953970
1420087
7717124
28116390
17402019
1263593
6717365
39711340
18035569
17913724
3474785
4414865
35350095
6886180
22614659
17490444
3463709
1603236
7142304
4207555
5342780
26505
470953
6110197
124990
28059195
1385564
1853669
11984928
4291352
35114865
18571649
39737015
1941118
30251025
5467231
19064329
2761530
18052009
39721195
39749480
3373573
3533550
572584
39245400
10415
26556194
3868733
19078094
29995320
1730727
3569616
12503741
4430400
3759778
1978294
39278610
582310
1422722
1359312
1150338
6616512
35369040
3259968
4705549
8202015
14360789
2170528
94560
1924047
5530719
7250012
6874281
5987474
718147
1023310
1652961
32807395
543308
2046915
16808519
1616045
24620599
2136880
22606294
6558337
1092877
39391230
10906998
9578657
39380835
38618565
4924991
24640014
22505779
599177
368196
8785167
24139914
825237
20930059
4335809
60908
4091358
7179951
1374851
2622970
1530278
37581850
5134496
2356466
6979893
39334505
39808515
3162921
26207699
15685024
3646723
7965259
2101668
7225745
34098750
39447950
2601255
3324848
3584372
2015335
1218768
21135464
9148112
4672007
39862995
4960369
613458
9295528
16201339
39733440
890391
4486654
32678820
8467434
21066844
180964
19727904
3392516
29858410
14979509
38723220
39475435
37618160
4164478
25802095
1852169
1240951
6453838
3745495
649527
615835
7728019
1196399
3060508
1014034
17200139
14016325
2875448
3466272
3134617
5928
3497895
1519121
29191460
5645996
35674
1047978
38157850
18030994
5678513
4314772
11676998
1384273
27122
911151
4628100
45898
2357897
7402811
5232181
1215280
8260466
6214380
18752334
31827210
19157094
5749352
8677846
39420355
4207199
1141898
16819869
39929140
6386868
1760289
1136014
26351754
1989602
5867480
14275749
163742
414418
1297695
37948560
31708595
6419817
2758270
5413141
3322711
12326049
6061275
1513567
279462
35629995
9524408
4164093
2128058
4097760
148205
2696862
19392989
6781714
1560585
5373679
15634264
5287445
1692910
10055560
167085
2308513
3017031
7457981
15918824
25953885
7133124
10216515
33584030
15752099
670837
19519279
918859
2090426
4184206
38447390
2899851
27340915
262276
39970765
6009304
9707986
17477649
119721
1545890
5489099
39946715
3216069
39949035
4004299
23238144
2950496
93362
14938064
31752240
21618584
6417282
3333688
6117944
1410645
147033
5797522
4112733
3220988
2973436
6344059
11866728
4691940
2265471
2857777
3319154
3090869
3676578
4421675
1047732
5045901
1587299
3871654
40096655
24631769
2160483
5815839
38608505
20538779
40105290
6336267
25183519
34155165
30903370
423666
4270953
20888254
13767755
4975440
55918
36848325
5913799
40143650
21904284
785937
398683
1176488
20617774
7297798
962734
3414076
648830
25782410
5620052
7585267
534078
5142762
4626306
5182604
462752
5872020
723902
8305729
5841804
7310337
37986390
7824124
13734350
4756051
9647593
144552
8182397
2329867
12247048
11496187
815934
9414456
20790339
1491805
32725905
14060630
6758519
3484537
14294799
28621425
2722124
6173806
4235514
17284829
354618
2649925
4347260
23176
13085885
706082
31673630
6396932
7353071
26523629
554409
8515543
7927074
14747259
2807333
40217690
6364270
9837894
3568327
1771784
4640202
5052892
9393707
2497090
5303123
617278
486452
9217170
4976527
4243217
4958252
1621400
11767373
12310604
5890059
40333650
2527329
3216435
1850398
3419587
39507475
10062820
1779932
8493929
2587572
2012996
18627799
983976
4013737
2179957
13797910
6285002
678388
6040826
1981321
998629
29432520
758255
2078095
29114530
2555117
6273251
40381435
33748375
5547010
818163
36225735
1792897
2410403
10449425
2602714
105974
8303041
3198025
40417465
40419040
39159
172643
293690
2446084
6483337
2771324
7027288
40432530
3900618
826643
5054837
3212020
6273715
1734939
31075540
28715960
3863233
13933990
1210921
25307104
3027905
2215129
40453140
172106
3595789
8454536
927130
5387340
685568
12172688
36435380
853546
2382932
7565372
3664908
6180513
3578593
36660195
1020990
10984598
35694440
322960
5962790
1470041
402275
1316588
4891972
6568539
3924910
40391195
1336892
975436
2235517
7961957
3981887
9073273
1116031
5754915
37893180
35977385
18342834
13467415
1170735
2627441
5369898
28168210
3254180
8200851
143693
6769134
22323564
784235
821512
34419030
1839351
15775349
39428150
35206535
4733084
24700169
7164105
18003579
8318322
6230909
20078434
3751918
21612429
40084390
33921420
3448724
7730626
26232794
4909425
5432224
6899642
51652
2141127
40620500
4238403
727708
4392930
1003855
771437
11832578
1026296
4695093
18654154
188604
5739602
3841389
7172474
24485534
1842743
3459249
30465370
4627793
4446303
4566842
1597583
3952042
16786559
4891508
2166144
569252
39257625
7736583
5213099
2218450
4991811
2811323
21229579
2643276
40708170
2331459
8161657
14119395
1062747
6649480
24893089
16774339
6230129
3105692
4802974
600383
2031216
22487494
9029132
8463003
362123
5389446
40383990
9254441
10411680
31582510
39845460
14654019
25407034
2435927
2856530
5166761
31822185
40762730
6713515
7094801
24078244
271010
5561191
4461116
2395206
223095186
7536296
1253850
7290725
23134379
6696869
5716861
2842821
5855548
23503159
8159574
35880795
20416939
29994515
2400267
1313789
388358
5437454
1290426
36150840
2844682
1730306
887024
21759149
2937773
2932110
30567955
40855725
31274140
5919987
23621264
2907372
36189645
12574621
6803500
9107994
3833471
21107764
2994373
139369
20967509
28224935
3519321
7688476
2719592
9599041
10205950
3917275
25611294
3626397
5383570
1783772
26696994
3084445
20100909
3817183
1530246
883379
4779745
1103769
645498
7529888
34423935
3764714
494025
33386765
7272478
40960705
3069576
3522536
1633970
3488499
1876115
3892601
9607440
17358604
40855440
5802985
1735114
218132
39620220
36995625
4036824
11324058
18503184
3803379
41018840
22251399
4101314
2906787
3601174
17251819
19474924
29077055
3120374
84582
4224310
16660364
39610030
4326490
156622
2675961
3182586
775918
28883040
41080155
37032865
2880960
5398692
5549602
8862567
5604234
2959649
17777090
1669716
4520333
101522
41151250
15690614
24018304
8
5816861
7275240
2433974
4327047
23987394
37464925
7667522
2906661
6574372
6564935
1391109
2314245
11544348
41016225
18580899
6220158
802221
9757883
14562899
4559665
41249090
22361479
1508438
20858339
6884385
3546091
21276299
974257
4223804
39943440
3101527
389554
14809299
111377
19566199
22731964
15763009
455669
4616070
29921295
19813494
3391329
156364
2599383
5024569
8601225
22366659
9098888
7385511
2734539
2950481
6353714
4549968
5590576
12671002
3480670
41358720
461092
4029188
2745041
26231974
11606103
5406504
3279263
5638950
31026865
71156
6049202
1949439
2082335
6020664
12654391
7312932
23642
3469426
27734530
4318699
5325111
21976764
33507730
552328
26159579
4174760
5131597
8497898
1679860
14250949
38334335
3392826
887324
4551048
1119436
23490139
1954291
3832221
8314001
23513059
21696889
2599735
9227536
497935
923152
36318555
9411499
1116969
9204128
4967348
3776000
31328915
9749451
34377825
17155754
2481964
10856773
21849199
20081534
7467549
38686655
7620894
6716722
1743261
13641265
340520
4168753
32329090
41147780
13628195
1450780
7550151
823726
2535490
17384559
41655400
3913551
3131768
10534660
9322202
22346829
11264058
10018855
27294349
30730245
96129568
41574120
2205977
12700338
8265104
6157792
17927674
15809479
9580036
38922010
11279178
6284543
128850
3595459
18440034
5424224
4825044
12772468
20771929
3340733
41769325
3878647
41403215
6960965
28488105
4161342
9361073
31145950
6693877
3890588
19114834
9767261
27926045
41829000
4794171
41406375
3279388
523894
1004792
6873028
4973464
25880515
589769
41376610
3356272
8445560
2322755
3702189
8259527
6919658
729595
13372700
21270824
5987741
453613
41926005
7668936
11178718
35965165
41934110
10526647
8660345
6612647
2557562
991151
28098740
6264724
4059206
134000
3308832
33898690
2553727
5305603
2737486
34267715
5005466
3144997
642559
6423223
28022610
10951153
18483809
5000455
4384991
6344626
41795030
478599
31415420
20890569
14050025
3424782
26058084
2463855
3144640
9916407
5291902
2203681
2778103
6259510
6205686
6179256
12517549
1296892
3170045
41673860
43172792
9435057
37972625
16980859
14435919
13329035
3456703
2138101
32219235
42195280
5197798
31731775
2936424
290084
2104214
5300237
4827455
24248299
330797
20610744
7689759
5220371
5056586
68778
701239
2969609
4101162
3253895
1487441
20086739
575069
6593275
10023955
7366061
693882
18727299
4393027
154211
2234635
40558180
106078
1510257
6484955
2249789
35076460
4264009
3280680
37242170
6600147
37422085
41546160
42498035
400131
4427238
92476
25036839
21784509
1177069
25549354
10967608
25868300
6746386
27191
2854460
5203116
9724217
38618820
1211001
17292249
24763384
41642145
18438479
6335298
19471809
22750984
1334768
2846158
7052409
7093631
2469823
24174159
1521646
2931683
1583354
6702372
4489528
22019474
3764143
1369870
40672245
42704260
29767105
7383372
30967530
39230555
475942
3140055
7153920
15504549
7517501
1877065
328735
197989
3307004
14923029
42737795
3305100
848270
24717004
23573394
39069045
29867490
23216544
1529483
5841291
42647385
4802090
1645250
6553238
3713018
1394860
26417679
32108805
42204685
11606673
6561741
2462747
2457417
8870363
3211380
12807285
36645395
35791885
8840421
12177638
105019
5747361
4449537
21676024
6357418
26965109
18502334
31913970
2206071
18029614
3229166
27452205
6493437
2251685
5458177
42967985
2401018
9391508
5252756
4265445
27276449
22867314
13278785
7031779
39412420
6035231
3157401
40714370
4363966
25150304
6836118
29381635
30126195
4497191
40190340
6708078
20860314
3032490
3153110
21532784
6960827
10285520
4399003
7470645
42929745
8933251
4074027
2171250
337137
39679800
7952443
1172925
2141257
12415523
1566738
7514729
7892542
4330104
25244584
8855838
9806941
38492155
34201255
2984541
29505515
6291137
43196172
5784670
621211
123385
107852
3624945
6884802
10978263
30766720
42454490
36961955
20599289
5445788
154769
2469836
4100146
38478940
2940130
25123094
43330922
12913240
38670565
30481585
23364524
43333207
17764545
6315097
3316487
3520571
29539570
3009161
911032
4117328
904309
2384397
979473
11989888
15115134
4590500
3854954
5756779
4204546
5056328
3538236
33768160
2894932
3541339
6129727
1370763
7555805
1493340
64597
43565332
970652
7012083
5070905
13132860
58795
5467177
5485031
12778988
26450144
37542785
4009574
4679022
2965821
7369554
920551
7757316
25865285
3825278
6826062
42293575
36356725
2813311
26641069
31551595
21213674
22932524
34967180
43754847
36999245
31717320
1693646
1519256
272455
9347396
43822797
1492341
5351379
22488324
1051880
43845297
2176597
23525094
6753430
9557934
2754359
8929946
4516113
6443207
38119940
1520927
13215785
4304828
2806735
43025432
30574900
7648907
3340529
21706239
26148459
43999527
1618424
1454310
44032137
43777437
9441335
2266420
43783297
14540724
4559324
6864808
30929755
41345665
7724731
31733830
4173146
4087303
2425082
35164575
4673801
3081386
35303530
12545606
16025009
25934050
5059982
41866215
5955105
245733
2001702
40101665
44036652
844105
34264860
9537552
43652227
5725578
7023390
36183755
720439
28675115
2413046
3961414
44237967
29268465
258945
7674509
6406773
39734775
3483925
7039781
40197915
9889849
44309047
1085419
12040872
9199468
43748367
32132540
40818370
33767320
19855424
25602469
8840693
28990005
31442620
809283
19787514
32804085
1405831
4419686
11667098
31671335
6948840
26685449
42123940
4905488
23148469
5226361
602521
4279801
10972588
10381785
152869098
18003124
44196167
34279155
20216629
10204660
3948624
41576965
13343455
2129538
2907842
21373514
20605429
32746600
31431465
10465540
17530634
18968974
3132835
2472745
12474651
90622
1432752
40264985
2219175
5040332
44786002
19037559
44661997
4588023
1204859
212475
10908338
41040145
44823712
38690505
1888738
2104738
17551664
6244396
7617743
4108851
32169705
13256450
422818
44338532
6797046
1989432
19010789
2774739
4795085
9940840
5000930
16354869
42935000
3948747
25348374
11407955
6336883
208842
5674146
45131872
1216508
5738851
9647314
15574494
6701478
41802585
6387472
12289309
8871246
8283188
40975890
2185744
7960590
2775077
12415563
831461
18627859
31684490
100840
40547600
40526155
12251903
4291599
2372507
6410731
42519490
8448099
44811122
44320512
2463201
10379970
34550770
3049186
44400112
21661084
2491111
1271689
2352040
8170278
7046143
15654854
802269
36993170
28386720
18610979
45472642
2611120
45081217
21210229
1567449
45477807
43858442
41843930
26327049
259002
43096907
118092
22341609
1132124
9536957
5942317
9869974
38322785
4405062
35852235
2645135
3100412
9854476
2964753
26519404
45369382
88491
14649434
30005420
8971410
3701432
5710623
610838
3937600
2264902
45354227
34456775
29687835
817501
20782164
45738677
19517214
4271203
36422600
1857832
1305085
5641432
892760
10378115
2581523
44573037
41856715
1265248
24624324
37274440
42349560
1003077
4482618
962777
6475827
3194973
4958207
17376014
19279479
7034893
24669469
1343629
46017012
46050277
1622111
141567
6283763
37702780
6249457
12677987
5260857
34291420
15403119
46109337
32303475
12651634
7891459
353369
48959198
2896677
3147728
6080610
37573480
1768031
12770808
4928681
16629079
30265730
5735870
7317496
3590555
11317178
15198234
6205975
43412207
10733108
1726211
17448859
13350415
13274870
29766770
3336738
19309094
1264322
301315
34507960
16700944
28950135
6035411
7792061
45597932
9841960
910393
12519816
18104904
305149
1553424
41851665
9254716
3675424
1308288
5045881
21958664
120785
3958792
5908486
6854307
3057367
13953660
5635553
1804064
23140159
1149821
46149677
46118322
5637432
5512364
45556652
39380890
4458380
5401100
8096747
5434824
4946280
34739755
20138024
2978028
12967685
36594110
46071772
4136563
40059060
7430677
41216925
6277476
272801
17952994
4769886
46645743
21132264
23888979
46695523
32769385
2771059
84177
44664912
28744650
7067238
3995176
5521797
7101768
2424584
2231877
775991
23131859
32092720
1315776
4028429
8057949
4974983
45741387
2324684
4244978
1686976
7223620
21962514
5721532
26072824
4042154
26146574
209870
16649979
3064198
336816
40196055
5199626
5509718
18595699
1330171
29481795
1300054
13266765
47066626
28962895
17131219
45550022
40906270
24978669
1434245
46861688
32098870
3509871
3918353
3196534
6795288
7186613
4538474
6628908
25863130
47169968
39391620
26097854
3180834
3193420
1811251
47215168
8191128
2597067
3027236
47049754
47226948
4925448
642577
38266290
45863462
47223273
37794645
9471821
4322305
47351633
24273389
47355643
1799619
16427504
6753503
4764732
24096679
5928394
47400343
13539260
2013724
782705
4242918
17267854
17900099
47478233
44670447
6325608
39209775
18292594
13839405
6843757
27689185
37273095
415958
33086810
2037066
60315
6644202
3318330
10595390
4569196
38815430
47591538
40781390
31542075
47513528
1098822
4922310
3180451
27685590
3530391
47424888
4517435
2986952
5791742
26594234
36563980
6581418
11866393
27817225
43246452
19836554
4908782
14038970
5337962
1565110
1677587
2909700
13961725
7553993
98377
3591326
865513
171377
6065430
4193756
12193743
41899555
9339507
44858087
1836374
22405414
54726
533902
47833563
849
33232700
1697085
12481311
11943808
3271393
47819863
47451183
1527791
6586686
18281359
11430625
7196876
1538114
4052108
46645438
6018046
47848663
2705251
42822090
780598
8906814
435099
47883323
6800227
36017890
32626355
4118075
9952638
447618
47365508
44059232
2865266
1008186
18913224
17539839
4376530
7208914
4440670
5021160
41256800
6752353
4064736
48048168
170529
3370164
4180069
48161653
32474310
32722475
9117435
39971375
7240428
28794
9456383
10506475
48182283
4126999
46704868
5521094
3712477
46531697
48193678
3946799
2448420
13350325
336241
1061120
2330289
12367189
3986852
32724
8128904
17536369
1722292
21183609
9749
17558189
36922995
3155118
5824086
5436944
24894499
135537
46468372
3968846
31937635
94269
48401538
5961834
2604159
4549973
5065281
48425613
283470
607144
19596429
568627
5607206
33708735
9378350
34534035
2624400
4337773
32178985
12138918
489563
48131568
25585374
4143478
2980105
14087605
2461401
57880
4632617
6506351
24819609
39431855
27372141
21492264
6447022
5718878
29457290
4375892
40948630
12382579
903835
7777990
2638857
47382083
15418609
45280962
32326855
9795220
1764180
78745
346873
6523584
48655343
48123603
85199
31931070
25686654
2509011
1817708
553425
48164343
2361934
4228034
32751695
21936049
37236520
47729538
66241
6243947
2625825
955347
35571750
11313773
2652802
4431116
47573393
330069
48772143
185589
477734
2762710
3518959
57828
36563355
74640788
10122180
3478029
11847673
30671925
2792297
14265049
1515784
23419574
7953418
14636869
26431869
16165374
2944244
361856
6014658
5227982
33113616
3862008
5790589
2775819
48306398
160174
16224714
3195020
12289624
22142009
1550385
3459184
44167322
4259414
5732881
2277950
1691781
7228169
44484377
46442172
39654330
7493204
6227477
48496163
5921339
2404156
39292925
49120563
12807245
12782518
4466187
1979689
17414919
8770957
4831885
47777283
1186980
12781963
67367
7394030
49208018
7816860
9051980
7422666
34969475
4362847
596216
5758916
5680235
8839495
7567769
6230559
6417201
680270
397531
1700317
48130628
49119333
120711
3041631
1162571
44032572
5479086
1635829
3027953
5888543
21908399
5952926
48284833
2688207
28860775
39451055
49431993
5396349
21186174
3356719
967181
12641531
449390
2692569
41539265
36074230
27021874
43132317
599514
2539954
7587259
36226310
7405375
737937
4034159
822500
43426697
33946900
1221695
3778792
22634959
7064860
10123195
19327684
4754378
18336169
3204517
8194845
63748
667016
45527192
3232912
13162295
36608560
46777798
30935715
6441037
9609463
38711135
49726666
2684071
753796
35366230
38089005
3798233
2531318
45529677
2225986
23855369
6884611
6840415
28068310
2892927
36730070
44193847
69392
39971685
671154
17895014
4004067
4515159
3137886
7358880
114260
2983471
6136776
6870709
2269767
6863770
9542716
3405764
21469914
6310590
3204694
2257035
609747
3485053
18190789
2544491
48865493
48829298
2577008
1247084
24960584
34871495
34223670
12833660
971195
9721522
3677648
50074151
19738119
31089565
50082556
50093376
3924761
49790226
47070683
48131693
38490370
1451775
44314062
17686514
37015290
4300466
36306995
10478232
49821341
40333370
4907081
2951084
41732390
15875444
23223774
42253775
23181424
367899
2564153
48064913
1232514
1552306
30548650
6894344
19968244
4116069
596470
2035568
630185
50384586
5276208
1705375
50400606
18551219
992467
44978767
3430890
27822905
50176006
13380120
2448344
49473733
9084019
6675197
39005835
1753135
21029409
39333005
12469521
21403969
5727591
46363132
8945545
3904945
32219405
3396617
2946211
20919284
25711539
37831760
44163867
12673182
6540761
50647811
4626423
2364929
6583367
19948909
10878493
2144439
2383377
3400833
16485009
26499989
39348320
7389257
49480003
3802309
25511434
3924274
1515700
45166687
3028624
45134912
6045420
3025249
50799026
48865883
45193647
11169013
45696502
45234747
46779408
50065221
26109024
6060410
2889313
43874152
50840441
1571791
36891675
5891252
5248260
12985850
86494
35177515
1286376
6729845
19766699
24821504
24805004
47177813
50941626
37423070
42759470
302088
22460494
98580
7754433
1642350
6302489
46100072
5299547
30762010
47025278
9121429
2442809
2806566
1792346
4881791
1316802
2764642
29598525
26011050
6885645
5960991
46498712
7365868
3186504
44271027
18953324
3194717
32041055
6015921
9593399
3771631
95340
6759119
9218288
3751738
6033357
4937832
1269832
5181085
1937138
37802180
23743735
1580769
35349725
51153921
354451
1880313
26283589
51229626
44265462
49387878
2244478
51089251
5902975
3412127
27525515
1785801
51266006
1508045
39193720
31179975
2422876
732521
3096293
28201245
20242334
2369146
644634
51243626
2547580
1511152
261389
51366571
1152381
19292329
7648864
39858400
26598704
223891
48209088
44939
14709169
22382839
2173814
5549685
48197528
6179411
48029123
114133
47271493
212131
34553785
43643027
1833507
16512494
4425735
1832445
4251412
51153111
1977088
1806533
35858940
45619517
6236653
46813898
16000589
4262141
2147599
7658871
869483
7571462
51628256
4929508
51305996
51424011
2567265
3127912
2321141
2411925
2582971
4965439
35192735
3159620
15022244
3513200
6462547
5929155
38434440
51815996
39166920
25522364
19875009
1156776
49092643
37733405
49767351
4702432
3140923
1965223
897858
16538349
1282136
26318719
3502653
9265512
6492766
2809221
51223431
22822094
3804084
556428
43137077
4352148
44779147
42006120
46790183
1866512
43696007
2238467
38389520
1598448
1182814
9679465
7962845
43100382
5547206
5048178
93119
11962603
23501249
3172338
6382351
1803392
4240376
955946
2333291
2738513
39684755
11358005
52062471
51997796
508527
5819019
22756984
658582
821870
2559940
430060
5304196
42417100
52129981
39745560
45783477
33310245
14970844
50688791
40995060
29388175
16024254
37743455
7195355
51994961
17421214
15307489
9516419
51611031
15310134
34063535
36150745
10863828
4365858
32593865
3448843
3933479
6880163
5549554
52061736
28074
13256995
10381437
41202005
4876133
1193666
51153536
6600930
16335104
52167801
39429610
545942
15783099
6440317
51058341
6171439
49902236
47352138
19026264
980106
47986283
2975541
34407260
6656013
10759913
3598890
41652010
5403454
5046823
5232391
3740483
20390104
2382450
6375120
2932249
621604
3352381
8099518
17440999
2419474
27612390
9498262
7178381
30391665
36236140
6533119
52495881
7964964
27659525
51633696
35585230
52294921
1070162
4532559
22753879
9937690
35246245
43977672
3718067
15853574
13782710
2344781
5882309
6752745
19664569
12650173
5191523
11274723
32594175
745296
41142870
13832505
5928776
51483091
3528852
52707901
5140291
15539829
16558474
5923555
45249112
37762665
2336911
52630526
3182791
41697395
20882614
23439599
52089901
3116264
22036089
52220696
52469446
1452035
5484645
2526177
13085105
2328285
16763504
2900347
161662
16812909
52819366
27272454
16885409
39299160
9454199
4239338
15966734
6154589
12082298
52753401
1795818
49162078
706593
47320788
39877600
43079112
35292690
10478737
10063705
6476823
9768621
20255869
11528466
863776
35506715
52349296
308416
506175
13080650
12923450
48013438
354945
2921953
39335975
296547
7673653
52793816
2334688
38957115
52490126
3381541
34327040
3326947
2743907
7490666
6372359
35535285
6270493
560752
6573915
3307324
31267380
41151740
15451484
3111212
631419
1623568
2039775
1963670
1417261
2342671
4967106
11227658
31905785
53091516
26513419
160604
18697579
51239771
17325879
3502667
44858657
29398240
10492832
20958474
42461370
6002592
3244502
50553071
3820329
25151829
6743939
1169493
7992590
7032874
26176364
5828764
37922245
2277639
53209581
1042746
40301630
20745084
5113918
46207497
8614707
659632
52478716
2847726
347350
13822205
5687342
4174403
10357565
6768899
10668242
337763
5848141
4841687
18055934
50768646
6850662
24998734
31230410
3022443
547796
6613593
8613369
15563189
51254811
6448579
2079474
25306774
3919175
20136784
41756535
14851204
2969807
5050404
28823630
1981866
877836
39321550
337470
5078614
52705896
3286702
1231305
3264007
53486051
4303352
4667318
42172895
47793888
48480443
5699344
1243030
8812147
28945370
2883721
8192703
10182460
2827075
8538280
3300178
496014
32800095
17786915
15293684
52397516
1917887
7465763
26412789
21310839
2157442
46660843
2025634
6848530
358131
3652064
5588084
42763065
53660811
53665406
3111424
1071832
33549315
3508154
24713824
6550312
6878999
6743156
3857838
2192981
582760
53155461
21850664
3029618
52036226
8526598
4275545
5189388
2559516
6331260
31449205
9131934
5114692
20056189
45905382
1594412
1090253
5189248
398957
5329739
4315431
30753335
3821396
39865555
53860311
53867331
12682022
4657102
53887006
4828800
3412255
40316840
190461
6163773
3868098
51220286
26885299
47165533
26327699
3852363
16546069
935172
14071790
51916511
38321660
365068
39458425
22695874
1315462
39501725
10469835
3138394
53608446
45530837
6850547
10655657
959323
5947991
22513154
4569617
12093428
27157814
4044176
35979910
46530897
3603697
2218253
2783759
1031287
8092186
47191483
34552170
53046831
30199045
27344550
13578645
52194411
31195740
3171985
441987
47340698
54038422
44153872
1391989
10197855
3706095
16062524
1205545
28263530
5941678
4075400
50956901
4551452
47039222
17530329
8114262
49554864
5557369
4578749
1485872
2772639
1076680
1710867
3288013
84708
5951927
19267759
1201660
39376710
4582885
46032727
16610979
51682661
53819776
6532803
15453194
54700402
1582883
2482005
4440065
7771516
6523192
6415251
3683312
32938205
16449404
13085685
26077199
4388672
32060890
1602825
16354889
6101857
4711524
2085260
50497891
687045
53157706
36437885
6624005
3045789
16484484
2944614
48928348
21741449
1801645
52857551
6792894
39691240
955362
4158519
3665950
12646372
1673639
44212352
3685437
5278080
48509448
11938468
5493833
36620665
3498075
6117292
19313784
2828681
508068
5118812
6746497
55556952
1966998
49065158
2607355
19570904
53459456
51210036
46916468
25051294
17099114
54683437
1427109
37993385
2491712
14404024
29308925
46589442
44449747
45260012
21616544
55783212
2825967
6840890
4942352
32178265
43746317
3856570
3932500
13128530
49039808
6098015
25153174
53172701
13949370
6310144
26013405
43892082
6560188
1982538
56039692
44240177
2830149
50088881
35150865
13593925
459841
55161227
31013520
433327
55964032
527438
55567462
41690910
56207702
5529287
40515750
3743885
51822096
56031037
10706607
703072
9080970
54649667
358703
6937749
987254
4338814
3489635
55899272
177231
2654467
6550607
1733748
1117924
34003590
55360592
26361249
56227497
7641911
7776889
11858388
44595702
1016873
11581243
40501255
7048009
52439911
32818385
6641914
44757407
56521822
46688548
21112719
23021199
9035344
56368407
52340056
32727695
48053663
44243817
5458876
7334427
13244105
7905765
5826808
13066750
27040194
53144636
972374
51089711
42829560
13238440
56376592
55518317
3389162
4037377
23735619
974272
9101587
18124129
43852797
11410760
55066497
21218289
6234971
15191259
2274455
2734453
26208209
2613265
52920181
6461500
3333180
7186659
2144664
56990282
16733524
5215092
48809213
31478615
14576399
45726682
624600
18171314
3267497
26414704
41091905
3789168
57122877
4943740
2722838
55533407
1110177
34460345
564581
4029576
7268960
12501966
57248742
45410922
12692318
3322398
8125767
12464159
57270282
25784655
21325879
7118139
23561154
4965099
40981350
57153782
2395114
427239
19508029
54460907
22170044
2625727
36665815
4781339
57468411
46637793
980045
10698837
54294282
57171822
47477468
50030456
6761834
1603187
11753848
23969989
22423644
44694312
56215822
38274570
57653051
38751100
3065250
44386532
31882625
57743396
14294669
5918799
56935332
17085949
51931346
9307662
3040065
7643184
22406814
38287705
48914758
57796046
641682
9651828
5919996
2421369
57664546
48713343
38133620
4480090
53177491
1035205
57897311
47346498
6972981
38201725
28843
7827460
40651070
6713039
57605686
194974
3784443
1441762
598980
49962536
38541695
811290
45423417
2697746
43068127
36711455
1809431
1993990
57780941
2424497
51479066
38234765
1015221
45399742
29364805
298070
239036
7202152
40633695
4494600
36685655
52012511
31495950
49913011
54960807
5026258
2584036
48754828
10889013
591616
31067995
2223453
35900230
9946755
52669581
6903917
11945813
34868250
54032067
21410009
33711820
5725607
2803454
51374631
4304155
6897095
459147
14877999
84054183
58323076
2305813
30337180
13879150
57359186
6075618
20544984
11762953
930789
43883907
6859413
3851019
5740523
9808241
12156758
20865584
32508810
3633893
24130329
9995585
13035520
2990328
3885022
50350701
5725311
58592591
11889623
5695890
45675237
43292682
5101418
47319143
55758567
4578539
3056584
22936019
22545444
11361975
2502376
342801
3950645
12533811
47079928
2422132
68292
5704292
4729921
20651444
53503711
532478
20298109
21664539
53019336
9098011
3093236
774739
39621175
26584439
22474994
5487668
1119407
53681166
41778930
54048677
773283
6634719
11043773
58964266
59035751
4995023
3561495
48002343
4717705
16873784
7257257
49856166
4439287
48391958
2246483
40807380
5390779
40879305
36412685
5230590
6179105
188881
3118000
59220351
6031161
40916455
51897006
2249297
59256186
17527719
7388094
17527
29256395
42161940
40661405
161605
41387960
2767921
664151
5681428
521003
2604470
36325880
51467941
18872444
15673129
27145769
7462404
45505662
2012237
22304439
57542851
48798273
990135
54334902
2135303
51946301
105533
49593636
31761130
6321637
51445076
13572220
20253064
6101000
36429490
59768371
6370565
46664223
1767200
569744
26341279
25815700
5373075
30995380
3327406
7372094
2454655
45677742
5705751
39581740
652745
50853736
4510591
25841285
39327
2846058
4210095
44233047
14169245
29413235
2390323
33599610
4981069
45854577
25698359
1354281
6847555
51599846
14513194
1093598
4960209
27568990
10479450
44949627
30127205
65626
7717601
7749817
6158438
5018709
1633437
19058984
38262415
6604120
5103029
29399355
6926161
41648880
2625159
40889415
24636339
23852819
37593530
1713008
1722253
59949496
1896612
37990475
14752079
6586669
8415603
19729924
2715765
3496382
40406455
38526595
26280724
18195289
1309781
41590540
33508955
983164
7402525
33286635
37658215
35308315
6527310
60431231
11134148
30911310
507720
12735588
60205656
5389512
1630121
60714356
6326975
8854477
49229598
2284157
1511397
1467002
26465084
60754191
21595074
5639288
42775735
13776015
28039950
33002255
52185291
2693549
16955214
48366113
5681070
38721495
14797104
55512982
4472585
14230174
6428770
60786436
188132
4530108
16686889
52510526
60934611
3092805
5926704
38750055
57401891
48296148
60861451
47222118
3506894
60059516
60741916
1028703
2684756
7563260
1271832
25992570
50269091
20532764
679550
37064115
58534906
21264924
61097491
7340267
43087402
5904517
3604507
37486230
50896891
7732218
1839044
5691764
17088719
41247145
13765545
6948377
16519019
52509866
118808
590796
4912884
5656572
3744599
958980
6201814
48087433
45339267
5195237
5703702
18852804
15089239
61454456
60226036
48501728
42647395
49884276
49558224
9333778
3099505
24459529
6256049
9085179
52697101
38390665
61280106
61542311
30134595
13418095
1542747
3976365
39579655
31481845
38198085
806742
11429245
166041
5367066
759952
3949666
61635396
50014691
38808755
39031595
1031374
18042034
11928443
44962937
54141802
61110356
61735131
20307174
7001897
3961681
60790021
51846396
7877317
2923378
4544763
60312971
13147825
21513509
2580833
60405756
2527223
9849936
37403955
33131901
827142
2562646
26689564
19504904
19887824
6540385
59604506
5878216
55732857
56722592
29325610
20823659
36265625
1926808
33191911
38315780
62049611
61932981
1273591
51134831
1635908
61995811
61913951
1825411
32210775
39358475
42612110
46805673
53345806
13059580
22920319
36724095
61542871
5337661
24771599
35037160
41861740
4615329
9396383
52158171
5879114
6935170
9322515
1761865
45430817
52986346
52194591
18489094
12761873
12656335
14325064
59280046
5121725
4048404
2432604
8873414
7289499
38005665
25517764
44882072
2176159
200226
49378548
4581796
3338235
5346536
4686247
47883528
6627597
9135279
8848457
23266
17800655
35851745
33522655
50507416
43853087
50174741
5400985
24120744
2718519
3261240
48003528
6408680
445710
38846565
47428958
55787672
60366606
49444278
5949431
38047
5279888
25820485
12664337
16365174
6901426
13020620
1802134
38766930
48002123
24720264
17046259
39150600
954499
17818
12635856
3846982
27677890
58070956
28939895
34100380
36940850
2184799
16972739
31792600
6865137
3369582
40929670
25746454
11919763
5472436
746062
46857323
6582872
8743406
63335921
43266197
625820
48251463
3851645
61496271
142118
30716795
4863147
19456344
41027635
61159696
634422
4084671
20962564
55643247
5734620
58972221
1163186
11092718
42379620
1300591
44205692
26367874
3386747
52395066
14137765
63856626
63858451
5649954
1302980
14004020
5182538
21291944
9726541
5383398
6894147
49632116
10190110
57980211
63949936
13471390
10205410
4006642
61496
52545121
48878228
4349368
32077245
12643591
9216180
9982020
6998375
26984779
9067293
6808513
58135806
14698349
52708551
2232669
21961269
53570526
6283936
7897656
2361177
56639477
17802760
4627728
27904540
36995325
52642451
1863120
28473505
3549006
17304384
1106770
7730791
2248231
11913928
2016497
3152389
13654535
9565957
54454327
58655276
44417112
2869846
38638175
60557406
61716471
50246051
17774220
64484176
1849979
14193144
1592927
2840182
52258746
59287196
39407300
50648701
43495457
9752906
2247982
64304206
60085871
28060650
56071107
9471272
51612256
64652761
668262
51648721
17489804
3133217
1313225
6094725
64312081
2917713
6409802
560394
47278753
526306
5385756
8146320
6126790
15470514
4896523
5036768
225593
4282598
1866622
60071546
61480551
4618598
3665979
17886659
24041804
49058958
39416605
64910656
47972768
41755765
5770780
770292
44100427
18383224
57970821
6144871
36717495
50355606
525998
1560584
2795546
3367740
7082568
12436273
39527650
52643791
4768261
8493256
50918056
48760028
44394552
34275190
31505470
47981558
28646520
63547561
58968966
65255996
27884930
42994025
58923441
2014441
51342196
20727579
4152676
61271846
58023501
33018270
1518297
65225576
1741807
2712411
6119696
52867081
5944841
2683933
10829511
5263469
49900246
6020930
40487490
22464639
1291706
14312949
37815575
33388920
43225942
2361600
51029171
44829822
49748956
65462116
59062706
46101812
65547096
8850751
6769538
64575796
1191959
65422546
24024314
3487423
5393474
41823115
65353966
25117419
8512434
135202
23653544
18156789
12229558
22203684
10701642
41762790
65670226
50913266
30048300
1366316
2617934
31853415
22420559
13075960
418417
37818760
1610858
1503465
52424681
46653863
60074441
26369879
30757730
48552018
65574871
65944261
614035
44345787
55239272
4753593
19984499
52359266
57979171
65997356
65024041
8422567
6021392
1892037
33990285
159360
10659062
66088891
37971025
953422
6075949
5582939
663926
14184246
4273180
6460439
63492046
3632222
6904768
1034669
15973764
14386489
2913757
53492721
16578339
20426779
1621514
3018980
53909811
61116711
6312426
48837543
3669200
5323049
16107109
65876161
18239459
2905549
1762374
23421439
53275476
4480235
53746221
9144714
26203439
4247951
40495645
47535508
678719
6665388
66587596
6548737
3332211
24735734
5249046
52749776
56424037
21386819
30515395
23994489
31610705
33242465
21478699
34549260
66767271
40449350
539682
10549885
31177575
45770327
12261798
59372526
28397185
13040185
4642215
5210688
43140842
24673599
56905582
66867366
48380503
7723694
13620065
6747156
35801955
15276929
648764
19503269
32450325
28828470
422318
30970855
52722866
21465244
32094065
67025811
1354307
1772735
32224250
22953219
63370981
9933289
65154851
6921538
5572404
8593439
10838763
57149992
4369312
37834630
18265684
34096885
12709778
5555313
2486047
2592576
44370472
34772455
2174237
9742829
5304561
4991285
33259875
38400450
56622047
560131
10379185
19468029
3379979
28661105
2703831
389987
758938
34344035
798828
43959132
49856486
53945312
25785255
31519575
6125594
40561085
6334841
5577654
50889471
21936464
67625701
33558370
48958843
26826429
34447960
28834710
22139489
764085
7134924
33803295
943972
3168799
710416
3663542
34286605
48580313
791164
6419983
34598300
18030699
54487657
26806784
6789723
6750635
67717306
64933661
6712645
18419364
45608252
52235486
6373540
17346819
28282110
21785349
67827256
19938899
67933911
6597806
60535636
35254725
34343510
3078124
20158014
8482735
7464912
40031520
68025497
77977
17113554
115378
1229560
2936641
58122291
6242237
66637986
67512786
7502132
7214774
20086574
5913921
1699335
10236085
67748876
3360789
12276043
3229205
4608644
6130124
2840389
8407338
35622385
33644550
18248299
9452410
53625346
29290820
1385675
15743199
53327926
46681063
131981
15260239
35553740
61142121
68320567
11177268
5627685
50206936
5665392
6252464
67982793
40084230
31284715
2392523
36624780
7044352
255383
6701352
4200337
5601927
51924406
21935849
64218131
8025151
11612788
46538097
38982955
28171395
50201256
68508590
3205354
14338074
2695294
1816
59101736
68510150
1316446
36633745
1972404
27070344
16825309
7467826
1220300
19376164
6152236
18557194
3076356
3935246
68786158
542978
31964150
27847370
48933663
47203488
642654
68359902
20625614
7563162
44695722
42416810
59076046
20658004
59086436
61790001
67679191
10206585
52607826
2327661
993454
514124
2268691
3960688
3766805
53020051
4182020
48246748
63679321
5386015
1879532
5688748
18085099
7553847
12366934
40152040
499242
6739940
59837596
32017470
38793955
6208771
69176883
36997470
52317866
22082379
589520
69266663
3627607
26775394
249866
13648265
13385780
3619130
345469
16395814
19741604
1609707
52482101
69364833
9677261
7325054
9045184
37950490
1050703
2457080
1595013
5432273
1835252
57984146
23446819
12765963
33699745
1719907
65184781
43398717
43246252
5339924
42864565
17521159
53082291
3201677
54774802
19550304
15191054
18409129
69620813
9327225
31137020
69160613
60879476
69653698
50283701
38487165
24968104
65059261
4864228
52097246
47541313
4111750
1268577
353540
4112752
7731525
69353393
15756234
52085736
69747188
47636908
35026145
69786108
6710846
20686744
1245345
35757500
22874024
30775090
57236032
1118038
53344911
29490220
16282539
45171187
37906985
38436540
51280826
56990302
57686076
17515134
28046585
12080608
7201444
6877023
29984615
26613314
35557030
42384260
16122124
6673285
32858165
8119547
33803080
7746345
49226278
40478150
69497693
289645
52120691
61106051
63424091
7984742
4324947
65135716
2914018
63078646
53226436
8813092
23174009
16748384
48000118
19426374
46935393
1281304
45694902
54733187
52739986
70044853
9468250
487152
7092197
1748351
47628573
28474755
36177250
70172253
53732701
46120312
49357018
545970
19970089
33336625
6885006
67527501
3588456
630244
1687080
2858740
9520405
5353315
53171426
301725
13412855
1837279
4513560
1289496
67151681
3946892
64943636
5977787
19776819
5728307
4394703
44555107
6853123
1637974
67410746
16888869
62287
2659020
6467485
45527292
62949801
14161275
30343005
679334
17849259
48130588
3179355
44162762
67128376
43927347
58324281
11871608
55883492
50879501
52747536
68980498
11853103
937750
51856196
4785758
39437760
1905089
57367776
70735023
15375944
2523469
12456248
50376026
22447414
9277113
43264257
932078
40124930
55773412
7565538
459732
47103898
862752
5210843
760981
3848538
70861058
69024323
5901491
52150201
15219199
30272905
41714065
6962454
37984725
5114893
3071064
11844503
8120417
18648554
51946051
27579385
23670844
6559520
865516
42739320
5581577
59801896
34025265
15707424
70226228
43827482
62419856
6990482
59763841
17907264
2653481
19321484
3225169
1568511
70803703
5252196
71166093
17733699
8249237
10155317
53072196
49036258
46487137
46747938
37686885
5738590
4196295
12149758
71333288
62730391
450524
43678977
1336126
1189625
35987985
9246222
10991218
14223849
12317079
71427728
71492763
49161693
14780709
20939439
65320176
7161917
32866720
69572623
50377326
47194128
4469422
50733191
53160986
60365811
11386365
9887126
6684889
2742410
47492
15842614
39240700
2120612
9405241
31693360
5658292
2998900
60280106
3182931
61535051
47251088
55839092
32171185
1750707
9793910
31675605
43537787
6528356
124717
7132267
41519135
12645619
44369012
59982
700797
3913345
